{
 "cells": [
  {
   "cell_type": "markdown",
   "id": "66337237",
   "metadata": {},
   "source": [
    "# Setup"
   ]
  },
  {
   "cell_type": "code",
   "execution_count": null,
   "id": "b8767e70",
   "metadata": {},
   "outputs": [],
   "source": [
    "!pip install kaggle\n",
    "!pip instlal pyspark == 3.4.2\n",
    "!pip install numpy\n",
    "!pip install pandas"
   ]
  },
  {
   "cell_type": "code",
   "execution_count": 54,
   "id": "0050d335",
   "metadata": {},
   "outputs": [],
   "source": [
    "from pyspark.sql import SparkSession\n",
    "from pyspark.sql.functions import *\n",
    "from pyspark.ml.feature import VectorAssembler\n",
    "from pyspark.ml.feature import BucketedRandomProjectionLSH\n",
    "from pyspark.sql.window import Window\n",
    "from pyspark.ml.linalg import Vectors, VectorUDT\n",
    "import numpy as np\n",
    "import random\n",
    "import pandas as pd\n",
    "from pyspark.sql.types import ArrayType, DoubleType\n",
    "from pyspark.ml.functions import vector_to_array, array_to_vector\n",
    "import builtins\n",
    "import zipfile\n",
    "import os\n",
    "from kaggle.api.kaggle_api_extended import KaggleApi"
   ]
  },
  {
   "cell_type": "code",
   "execution_count": 55,
   "id": "7c092846",
   "metadata": {},
   "outputs": [
    {
     "data": {
      "text/plain": [
       "\"\\nto avoid sending 150MB dataset i'm hardcoding my kaggle api key. it will download the dataset automatically\\n\""
      ]
     },
     "execution_count": 55,
     "metadata": {},
     "output_type": "execute_result"
    }
   ],
   "source": [
    "\n",
    "os.environ['KAGGLE_API_TOKEN'] = \"KGAT_8b3a6ed97a0c99f9247d017745c6c15b\"\n",
    "\n",
    "\"\"\"\n",
    "to avoid sending 150MB dataset i'm hardcoding my kaggle api key. it will download the dataset automatically\n",
    "\"\"\""
   ]
  },
  {
   "cell_type": "code",
   "execution_count": 56,
   "id": "5de9811f",
   "metadata": {},
   "outputs": [
    {
     "name": "stdout",
     "output_type": "stream",
     "text": [
      "Downloading dataset...\n",
      "Dataset URL: https://www.kaggle.com/datasets/mlg-ulb/creditcardfraud\n",
      "Extracting CSV file...\n",
      "Done! 'creditcard.csv' is ready for your PySpark EDA.\n"
     ]
    }
   ],
   "source": [
    "api = KaggleApi()\n",
    "api.authenticate()\n",
    "print(\"Downloading dataset...\")\n",
    "api.dataset_download_files('mlg-ulb/creditcardfraud', path='.', unzip=False)\n",
    "\n",
    "# 4. Unzip the file to extract the CSV\n",
    "print(\"Extracting CSV file...\")\n",
    "with zipfile.ZipFile(\"creditcardfraud.zip\", \"r\") as zip_ref:\n",
    "    zip_ref.extractall(\".\")\n",
    "\n",
    "print(\"Done! 'creditcard.csv' is ready for your PySpark EDA.\")"
   ]
  },
  {
   "cell_type": "code",
   "execution_count": 57,
   "id": "435d80eb",
   "metadata": {},
   "outputs": [],
   "source": [
    "spark = SparkSession.builder.appName(\"smote-methods\").getOrCreate()\n"
   ]
  },
  {
   "cell_type": "code",
   "execution_count": 58,
   "id": "daf5e9f1",
   "metadata": {},
   "outputs": [
    {
     "name": "stderr",
     "output_type": "stream",
     "text": [
      "                                                                                \r"
     ]
    }
   ],
   "source": [
    "df = spark.read.csv(\"creditcard.csv\",header = True,inferSchema=True)"
   ]
  },
  {
   "cell_type": "code",
   "execution_count": 59,
   "id": "bfed06e1",
   "metadata": {},
   "outputs": [
    {
     "name": "stdout",
     "output_type": "stream",
     "text": [
      "+----+------------------+-------------------+----------------+------------------+-------------------+-------------------+-------------------+------------------+------------------+-------------------+------------------+------------------+------------------+------------------+------------------+------------------+------------------+-------------------+------------------+-------------------+--------------------+-------------------+------------------+------------------+------------------+------------------+--------------------+-------------------+------+-----+\n",
      "|Time|                V1|                 V2|              V3|                V4|                 V5|                 V6|                 V7|                V8|                V9|                V10|               V11|               V12|               V13|               V14|               V15|               V16|               V17|                V18|               V19|                V20|                 V21|                V22|               V23|               V24|               V25|               V26|                 V27|                V28|Amount|Class|\n",
      "+----+------------------+-------------------+----------------+------------------+-------------------+-------------------+-------------------+------------------+------------------+-------------------+------------------+------------------+------------------+------------------+------------------+------------------+------------------+-------------------+------------------+-------------------+--------------------+-------------------+------------------+------------------+------------------+------------------+--------------------+-------------------+------+-----+\n",
      "| 0.0|  -1.3598071336738|-0.0727811733098497|2.53634673796914|  1.37815522427443| -0.338320769942518|  0.462387777762292|  0.239598554061257|0.0986979012610507| 0.363786969611213| 0.0907941719789316|-0.551599533260813|-0.617800855762348|-0.991389847235408|-0.311169353699879|  1.46817697209427|-0.470400525259478| 0.207971241929242| 0.0257905801985591| 0.403992960255733|  0.251412098239705|  -0.018306777944153|  0.277837575558899|-0.110473910188767|0.0669280749146731| 0.128539358273528|-0.189114843888824|   0.133558376740387|-0.0210530534538215|149.62|    0|\n",
      "| 0.0|  1.19185711131486|   0.26615071205963|0.16648011335321| 0.448154078460911| 0.0600176492822243|-0.0823608088155687|-0.0788029833323113|0.0851016549148104|-0.255425128109186| -0.166974414004614|  1.61272666105479|  1.06523531137287|  0.48909501589608|-0.143772296441519| 0.635558093258208| 0.463917041022171|-0.114804663102346| -0.183361270123994|-0.145783041325259|-0.0690831352230203|  -0.225775248033138| -0.638671952771851| 0.101288021253234|-0.339846475529127| 0.167170404418143| 0.125894532368176|-0.00898309914322813| 0.0147241691924927|  2.69|    0|\n",
      "| 1.0| -1.35835406159823|  -1.34016307473609|1.77320934263119| 0.379779593034328| -0.503198133318193|   1.80049938079263|  0.791460956450422| 0.247675786588991| -1.51465432260583|  0.207642865216696| 0.624501459424895| 0.066083685268831| 0.717292731410831|-0.165945922763554|  2.34586494901581| -2.89008319444231|  1.10996937869599| -0.121359313195888| -2.26185709530414|  0.524979725224404|   0.247998153469754|  0.771679401917229| 0.909412262347719|-0.689280956490685|-0.327641833735251|-0.139096571514147| -0.0553527940384261|-0.0597518405929204|378.66|    0|\n",
      "| 1.0|-0.966271711572087| -0.185226008082898|1.79299333957872|-0.863291275036453|-0.0103088796030823|   1.24720316752486|   0.23760893977178| 0.377435874652262| -1.38702406270197|-0.0549519224713749|-0.226487263835401| 0.178228225877303| 0.507756869957169| -0.28792374549456|-0.631418117709045|  -1.0596472454325|-0.684092786345479|   1.96577500349538|  -1.2326219700892| -0.208037781160366|  -0.108300452035545|0.00527359678253453|-0.190320518742841| -1.17557533186321| 0.647376034602038|-0.221928844458407|  0.0627228487293033| 0.0614576285006353| 123.5|    0|\n",
      "| 2.0| -1.15823309349523|  0.877736754848451|  1.548717846511| 0.403033933955121| -0.407193377311653| 0.0959214624684256|  0.592940745385545|-0.270532677192282| 0.817739308235294|  0.753074431976354|-0.822842877946363|  0.53819555014995|   1.3458515932154| -1.11966983471731| 0.175121130008994|-0.451449182813529|-0.237033239362776|-0.0381947870352842| 0.803486924960175|  0.408542360392758|-0.00943069713232919|   0.79827849458971|-0.137458079619063| 0.141266983824769|-0.206009587619756| 0.502292224181569|   0.219422229513348|  0.215153147499206| 69.99|    0|\n",
      "+----+------------------+-------------------+----------------+------------------+-------------------+-------------------+-------------------+------------------+------------------+-------------------+------------------+------------------+------------------+------------------+------------------+------------------+------------------+-------------------+------------------+-------------------+--------------------+-------------------+------------------+------------------+------------------+------------------+--------------------+-------------------+------+-----+\n",
      "only showing top 5 rows\n",
      "\n"
     ]
    }
   ],
   "source": [
    "df.show(5)"
   ]
  },
  {
   "cell_type": "markdown",
   "id": "f6c7ffea",
   "metadata": {},
   "source": [
    "# Smote Without Multiplier"
   ]
  },
  {
   "cell_type": "code",
   "execution_count": 60,
   "id": "1949e9b1",
   "metadata": {},
   "outputs": [],
   "source": [
    "feature_cols = [c for c in df.columns if c != 'Class']\n",
    "\n",
    "# 2. Combine all features into a single DenseVector column called 'features'\n",
    "assembler = VectorAssembler(inputCols=feature_cols, outputCol=\"features\")\n",
    "df_vec = assembler.transform(df)\n",
    "\n",
    "# 3. Add a unique ID to every row (crucial for joining later)\n",
    "df_vec = df_vec.withColumn(\"id\", monotonically_increasing_id())\n",
    "\n",
    "# 4. Split the dataset into majority (normal) and minority (fraud)\n",
    "majority_df = df_vec.filter(col(\"Class\") == 0)\n",
    "minority_df = df_vec.filter(col(\"Class\") == 1)"
   ]
  },
  {
   "cell_type": "code",
   "execution_count": 61,
   "id": "1ce1240e",
   "metadata": {},
   "outputs": [],
   "source": [
    "brp = BucketedRandomProjectionLSH(\n",
    "    inputCol=\"features\", \n",
    "    outputCol=\"hashes\", \n",
    "    bucketLength=2.0, \n",
    "    numHashTables=3\n",
    ")\n",
    "\n",
    "# Fit the LSH model strictly on the minority data\n",
    "lsh_model = brp.fit(minority_df)\n",
    "\n",
    "# 2. Perform an Approximate Similarity Join\n",
    "# This joins the minority dataframe to itself based on feature similarity\n",
    "neighbors = lsh_model.approxSimilarityJoin(\n",
    "    minority_df, \n",
    "    minority_df, \n",
    "    threshold=float('inf'), \n",
    "    distCol=\"EuclideanDistance\"\n",
    ")\n",
    "\n",
    "# 3. Clean up the join results\n",
    "# Remove self-matches (a point is its own closest neighbor)\n",
    "neighbors = neighbors.filter(col(\"datasetA.id\") != col(\"datasetB.id\"))\n",
    "\n",
    "# 4. Keep only the top k neighbors (let's use k=5)\n",
    "windowSpec = Window.partitionBy(\"datasetA.id\").orderBy(\"EuclideanDistance\")\n",
    "top_k_neighbors = neighbors.withColumn(\"rank\", row_number().over(windowSpec)) \\\n",
    "                           .filter(col(\"rank\") <= 5)"
   ]
  },
  {
   "cell_type": "code",
   "execution_count": 62,
   "id": "08c7b752",
   "metadata": {},
   "outputs": [],
   "source": [
    "def generate_synthetic_point(base_vector, neighbor_vector):\n",
    "    base_arr = base_vector.toArray()\n",
    "    neighbor_arr = neighbor_vector.toArray()\n",
    "    \n",
    "    # Calculate the difference and apply a random multiplier\n",
    "    difference = neighbor_arr - base_arr\n",
    "    random_step = random.uniform(0, 1)\n",
    "    \n",
    "    synthetic_arr = base_arr + (random_step * difference)\n",
    "    return Vectors.dense(synthetic_arr)\n",
    "\n",
    "# 2. Register it as a Spark UDF that returns a Vector\n",
    "smote_udf = udf(generate_synthetic_point, VectorUDT())\n",
    "\n",
    "# 3. Apply the UDF to create the new synthetic feature vectors\n",
    "synthetic_data = top_k_neighbors.withColumn(\n",
    "    \"synthetic_features\", \n",
    "    smote_udf(col(\"datasetA.features\"), col(\"datasetB.features\"))\n",
    ")\n",
    "\n",
    "# 4. Format the synthetic dataframe to match the original schema\n",
    "synthetic_df = synthetic_data.select(\n",
    "    col(\"synthetic_features\").alias(\"features\")\n",
    ").withColumn(\"Class\", lit(1))"
   ]
  },
  {
   "cell_type": "code",
   "execution_count": 63,
   "id": "6fe27491",
   "metadata": {},
   "outputs": [
    {
     "name": "stderr",
     "output_type": "stream",
     "text": [
      "[Stage 522:======================================>                  (6 + 3) / 9]\r"
     ]
    },
    {
     "name": "stdout",
     "output_type": "stream",
     "text": [
      "+-----+------+\n",
      "|Class| count|\n",
      "+-----+------+\n",
      "|    0|284315|\n",
      "|    1|  1625|\n",
      "+-----+------+\n",
      "\n"
     ]
    },
    {
     "name": "stderr",
     "output_type": "stream",
     "text": [
      "                                                                                \r"
     ]
    }
   ],
   "source": [
    "# 1. Standardize the original dataframes to match the synthetic one\n",
    "minority_clean = minority_df.select(\"features\", \"Class\")\n",
    "majority_clean = majority_df.select(\"features\", \"Class\")\n",
    "\n",
    "# 2. Union everything together\n",
    "final_smoted_df = majority_clean.union(minority_clean).union(synthetic_df)\n",
    "\n",
    "# 3. Check the new class distribution\n",
    "\n",
    "final_smoted_df.groupBy(\"Class\").count().show()"
   ]
  },
  {
   "cell_type": "code",
   "execution_count": 64,
   "id": "3401caeb",
   "metadata": {},
   "outputs": [],
   "source": [
    "def convert_to_csv(name,opname):\n",
    "    final_smoted_df_array = name.withColumn(\"features_array\",vector_to_array(\"features\"))\n",
    "    original_col = [\"Time\"] + [f\"V{i}\" for i in range(1,29)] + [\"Amount\"]\n",
    "    for i,col_name in enumerate(original_col):\n",
    "        final_smoted_df_array = final_smoted_df_array.withColumn(col_name,col(\"features_array\")[i])\n",
    "    final_smoted_df_array = final_smoted_df_array.drop(\"features\",\"features_array\")\n",
    "    final_smoted_df_array.coalesce(1).write.csv(f\"{opname}.csv\")\n",
    "    print(\"CSV saved\")\n",
    "    return final_smoted_df_array\n"
   ]
  },
  {
   "cell_type": "code",
   "execution_count": 65,
   "id": "6c74791e",
   "metadata": {},
   "outputs": [
    {
     "name": "stderr",
     "output_type": "stream",
     "text": [
      "[Stage 540:>                                                        (0 + 1) / 1]\r"
     ]
    },
    {
     "name": "stdout",
     "output_type": "stream",
     "text": [
      "CSV saved\n"
     ]
    },
    {
     "name": "stderr",
     "output_type": "stream",
     "text": [
      "                                                                                \r"
     ]
    }
   ],
   "source": [
    "smote_wo_multiplier = convert_to_csv(final_smoted_df,\"smote-without-multiplier\")"
   ]
  },
  {
   "cell_type": "code",
   "execution_count": 66,
   "id": "333325d9",
   "metadata": {},
   "outputs": [
    {
     "name": "stderr",
     "output_type": "stream",
     "text": [
      "[Stage 553:======================================>                  (6 + 3) / 9]\r"
     ]
    },
    {
     "name": "stdout",
     "output_type": "stream",
     "text": [
      "+-----+------+\n",
      "|Class| count|\n",
      "+-----+------+\n",
      "|    0|284315|\n",
      "|    1|  1625|\n",
      "+-----+------+\n",
      "\n"
     ]
    },
    {
     "name": "stderr",
     "output_type": "stream",
     "text": [
      "                                                                                \r"
     ]
    }
   ],
   "source": [
    "smote_wo_multiplier.groupBy(\"Class\").count().show()"
   ]
  },
  {
   "cell_type": "markdown",
   "id": "43a0b2e5",
   "metadata": {},
   "source": [
    "# SMOTE WITH MULTIPLIER"
   ]
  },
  {
   "cell_type": "code",
   "execution_count": 67,
   "id": "c6cea5e4",
   "metadata": {},
   "outputs": [
    {
     "name": "stderr",
     "output_type": "stream",
     "text": [
      "                                                                                \r"
     ]
    },
    {
     "name": "stdout",
     "output_type": "stream",
     "text": [
      "Finding approximate k-nearest neighbors via LSH...\n",
      "Generating roughly 283823 synthetic points...\n",
      "Final Balanced Dataset Distribution:\n"
     ]
    },
    {
     "name": "stderr",
     "output_type": "stream",
     "text": [
      "[Stage 582:==================================================>      (8 + 1) / 9]\r"
     ]
    },
    {
     "name": "stdout",
     "output_type": "stream",
     "text": [
      "+-----+------+\n",
      "|Class| count|\n",
      "+-----+------+\n",
      "|    0|284315|\n",
      "|    1|283742|\n",
      "+-----+------+\n",
      "\n"
     ]
    },
    {
     "name": "stderr",
     "output_type": "stream",
     "text": [
      "                                                                                \r"
     ]
    }
   ],
   "source": [
    "\n",
    "# 1. Isolate feature columns and vectorize\n",
    "feature_cols = [c for c in df.columns if c != 'Class']\n",
    "assembler = VectorAssembler(inputCols=feature_cols, outputCol=\"features\")\n",
    "df_vec = assembler.transform(df)\n",
    "\n",
    "# 2. Add an ID for the LSH join to avoid matching a point with itself\n",
    "df_vec = df_vec.withColumn(\"id\", monotonically_increasing_id())\n",
    "\n",
    "# 3. Split into majority and minority DataFrames and cache them for speed\n",
    "majority_df = df_vec.filter(col(\"Class\") == 0).cache()\n",
    "minority_df = df_vec.filter(col(\"Class\") == 1).cache()\n",
    "\n",
    "# Calculate exactly how many synthetic samples we need to reach a 50/50 balance\n",
    "maj_count = majority_df.count()\n",
    "min_count = minority_df.count()\n",
    "samples_needed = maj_count - min_count\n",
    "\n",
    "print(\"Finding approximate k-nearest neighbors via LSH...\")\n",
    "brp = BucketedRandomProjectionLSH(\n",
    "    inputCol=\"features\", \n",
    "    outputCol=\"hashes\", \n",
    "    bucketLength=2.0, \n",
    "    numHashTables=3\n",
    ")\n",
    "lsh_model = brp.fit(minority_df)\n",
    "\n",
    "# Join to find neighbors, remove self-matches\n",
    "neighbors = lsh_model.approxSimilarityJoin(\n",
    "    minority_df, \n",
    "    minority_df, \n",
    "    threshold=float('inf'), \n",
    "    distCol=\"EuclideanDistance\"\n",
    ")\n",
    "neighbors = neighbors.filter(col(\"datasetA.id\") != col(\"datasetB.id\"))\n",
    "\n",
    "# Filter to keep only the top k=5 neighbors per minority point\n",
    "windowSpec = Window.partitionBy(\"datasetA.id\").orderBy(\"EuclideanDistance\")\n",
    "top_k_neighbors = neighbors.withColumn(\"rank\", row_number().over(windowSpec)) \\\n",
    "                           .filter(col(\"rank\") <= 5)\n",
    "\n",
    "# Calculate dynamic multiplier: how many points to generate per neighbor pair\n",
    "pair_count = top_k_neighbors.count()\n",
    "multiplier = builtins.max(1, samples_needed // pair_count)\n",
    "\n",
    "print(f\"Generating roughly {samples_needed} synthetic points...\")\n",
    "\n",
    "# Convert PySpark ML Vectors to standard Arrays so PyArrow/Pandas can read them natively\n",
    "prep_df = top_k_neighbors.withColumn(\"base_arr\", vector_to_array(col(\"datasetA.features\"))) \\\n",
    "                         .withColumn(\"neighbor_arr\", vector_to_array(col(\"datasetB.features\")))\n",
    "\n",
    "# Define the Pandas Vectorized UDF\n",
    "# Input: Two Pandas Series (lists of arrays). Output: A Pandas Series (list of lists of arrays)\n",
    "@pandas_udf(ArrayType(ArrayType(DoubleType())))\n",
    "def generate_synthetic_samples_vudf(base_series: pd.Series, neighbor_series: pd.Series) -> pd.Series:\n",
    "    # 1. Convert Series of arrays into highly optimized 2D NumPy Matrices\n",
    "    # Shape: (batch_size, num_features)\n",
    "    base_mat = np.stack(base_series.values) \n",
    "    neigh_mat = np.stack(neighbor_series.values)\n",
    "    \n",
    "    batch_size, num_features = base_mat.shape\n",
    "    \n",
    "    # 2. Vectorized distance calculation\n",
    "    diff_mat = neigh_mat - base_mat\n",
    "    \n",
    "    # 3. Generate random steps for the ENTIRE batch at once\n",
    "    # Shape: (batch_size, multiplier, 1)\n",
    "    random_steps = np.random.uniform(0, 1, size=(batch_size, multiplier, 1))\n",
    "    \n",
    "    # 4. Reshape base matrices to allow 3D broadcasting\n",
    "    # Shape: (batch_size, 1, num_features)\n",
    "    base_expanded = np.expand_dims(base_mat, axis=1)\n",
    "    diff_expanded = np.expand_dims(diff_mat, axis=1)\n",
    "    \n",
    "    # 5. Core SMOTE Equation (Vectorized for millions of points at once)\n",
    "    # Shape: (batch_size, multiplier, num_features)\n",
    "    synthetic_mat = base_expanded + (random_steps * diff_expanded)\n",
    "    \n",
    "    # 6. Convert the 3D NumPy array back to a nested Python list for PySpark\n",
    "    return pd.Series(synthetic_mat.tolist())\n",
    "\n",
    "# Apply the Pandas UDF\n",
    "synthetic_data = prep_df.withColumn(\n",
    "    \"synthetic_arrays\", \n",
    "    generate_synthetic_samples_vudf(col(\"base_arr\"), col(\"neighbor_arr\"))\n",
    ")\n",
    "# 1. Flatten the arrays so every generated point gets its own row\n",
    "# 2. Convert standard arrays back into PySpark ML Vectors\n",
    "# 3. Hardcode the target variable to 1 (Fraud)\n",
    "synthetic_df = synthetic_data.select(\n",
    "    explode(col(\"synthetic_arrays\")).alias(\"synthetic_arr\")\n",
    ").withColumn(\n",
    "    \"features\", array_to_vector(col(\"synthetic_arr\"))\n",
    ").withColumn(\n",
    "    \"Class\", lit(1)\n",
    ").select(\"features\", \"Class\")\n",
    "\n",
    "# Final Standardization and Union\n",
    "minority_clean = minority_df.select(\"features\", \"Class\")\n",
    "majority_clean = majority_df.select(\"features\", \"Class\")\n",
    "\n",
    "final_balanced_df = majority_clean.union(minority_clean).union(synthetic_df)\n",
    "\n",
    "# Display final result\n",
    "print(\"Final Balanced Dataset Distribution:\")\n",
    "final_balanced_df.groupBy(\"Class\").count().show()"
   ]
  },
  {
   "cell_type": "code",
   "execution_count": 68,
   "id": "e4218089",
   "metadata": {},
   "outputs": [
    {
     "name": "stderr",
     "output_type": "stream",
     "text": [
      "[Stage 593:>                                                        (0 + 1) / 1]\r"
     ]
    },
    {
     "name": "stdout",
     "output_type": "stream",
     "text": [
      "CSV saved\n"
     ]
    },
    {
     "name": "stderr",
     "output_type": "stream",
     "text": [
      "                                                                                \r"
     ]
    }
   ],
   "source": [
    "smote_w_multipler = convert_to_csv(final_balanced_df,\"smote-with-multiplier\")"
   ]
  },
  {
   "cell_type": "code",
   "execution_count": 69,
   "id": "2d4368bc",
   "metadata": {},
   "outputs": [
    {
     "name": "stderr",
     "output_type": "stream",
     "text": [
      "[Stage 600:==================================================>      (8 + 1) / 9]\r"
     ]
    },
    {
     "name": "stdout",
     "output_type": "stream",
     "text": [
      "+-----+------+\n",
      "|Class| count|\n",
      "+-----+------+\n",
      "|    0|284315|\n",
      "|    1|283742|\n",
      "+-----+------+\n",
      "\n"
     ]
    },
    {
     "name": "stderr",
     "output_type": "stream",
     "text": [
      "                                                                                \r"
     ]
    }
   ],
   "source": [
    "smote_w_multipler.groupBy(\"Class\").count().show()"
   ]
  },
  {
   "cell_type": "code",
   "execution_count": 70,
   "id": "22e06d9a",
   "metadata": {},
   "outputs": [
    {
     "name": "stdout",
     "output_type": "stream",
     "text": [
      "+-----+----+------------------+-------------------+----------------+------------------+-------------------+-------------------+-------------------+------------------+------------------+-------------------+------------------+------------------+------------------+------------------+------------------+------------------+------------------+-------------------+------------------+-------------------+--------------------+-------------------+------------------+------------------+------------------+------------------+--------------------+-------------------+------+\n",
      "|Class|Time|                V1|                 V2|              V3|                V4|                 V5|                 V6|                 V7|                V8|                V9|                V10|               V11|               V12|               V13|               V14|               V15|               V16|               V17|                V18|               V19|                V20|                 V21|                V22|               V23|               V24|               V25|               V26|                 V27|                V28|Amount|\n",
      "+-----+----+------------------+-------------------+----------------+------------------+-------------------+-------------------+-------------------+------------------+------------------+-------------------+------------------+------------------+------------------+------------------+------------------+------------------+------------------+-------------------+------------------+-------------------+--------------------+-------------------+------------------+------------------+------------------+------------------+--------------------+-------------------+------+\n",
      "|    0| 0.0|  -1.3598071336738|-0.0727811733098497|2.53634673796914|  1.37815522427443| -0.338320769942518|  0.462387777762292|  0.239598554061257|0.0986979012610507| 0.363786969611213| 0.0907941719789316|-0.551599533260813|-0.617800855762348|-0.991389847235408|-0.311169353699879|  1.46817697209427|-0.470400525259478| 0.207971241929242| 0.0257905801985591| 0.403992960255733|  0.251412098239705|  -0.018306777944153|  0.277837575558899|-0.110473910188767|0.0669280749146731| 0.128539358273528|-0.189114843888824|   0.133558376740387|-0.0210530534538215|149.62|\n",
      "|    0| 0.0|  1.19185711131486|   0.26615071205963|0.16648011335321| 0.448154078460911| 0.0600176492822243|-0.0823608088155687|-0.0788029833323113|0.0851016549148104|-0.255425128109186| -0.166974414004614|  1.61272666105479|  1.06523531137287|  0.48909501589608|-0.143772296441519| 0.635558093258208| 0.463917041022171|-0.114804663102346| -0.183361270123994|-0.145783041325259|-0.0690831352230203|  -0.225775248033138| -0.638671952771851| 0.101288021253234|-0.339846475529127| 0.167170404418143| 0.125894532368176|-0.00898309914322813| 0.0147241691924927|  2.69|\n",
      "|    0| 1.0| -1.35835406159823|  -1.34016307473609|1.77320934263119| 0.379779593034328| -0.503198133318193|   1.80049938079263|  0.791460956450422| 0.247675786588991| -1.51465432260583|  0.207642865216696| 0.624501459424895| 0.066083685268831| 0.717292731410831|-0.165945922763554|  2.34586494901581| -2.89008319444231|  1.10996937869599| -0.121359313195888| -2.26185709530414|  0.524979725224404|   0.247998153469754|  0.771679401917229| 0.909412262347719|-0.689280956490685|-0.327641833735251|-0.139096571514147| -0.0553527940384261|-0.0597518405929204|378.66|\n",
      "|    0| 1.0|-0.966271711572087| -0.185226008082898|1.79299333957872|-0.863291275036453|-0.0103088796030823|   1.24720316752486|   0.23760893977178| 0.377435874652262| -1.38702406270197|-0.0549519224713749|-0.226487263835401| 0.178228225877303| 0.507756869957169| -0.28792374549456|-0.631418117709045|  -1.0596472454325|-0.684092786345479|   1.96577500349538|  -1.2326219700892| -0.208037781160366|  -0.108300452035545|0.00527359678253453|-0.190320518742841| -1.17557533186321| 0.647376034602038|-0.221928844458407|  0.0627228487293033| 0.0614576285006353| 123.5|\n",
      "|    0| 2.0| -1.15823309349523|  0.877736754848451|  1.548717846511| 0.403033933955121| -0.407193377311653| 0.0959214624684256|  0.592940745385545|-0.270532677192282| 0.817739308235294|  0.753074431976354|-0.822842877946363|  0.53819555014995|   1.3458515932154| -1.11966983471731| 0.175121130008994|-0.451449182813529|-0.237033239362776|-0.0381947870352842| 0.803486924960175|  0.408542360392758|-0.00943069713232919|   0.79827849458971|-0.137458079619063| 0.141266983824769|-0.206009587619756| 0.502292224181569|   0.219422229513348|  0.215153147499206| 69.99|\n",
      "+-----+----+------------------+-------------------+----------------+------------------+-------------------+-------------------+-------------------+------------------+------------------+-------------------+------------------+------------------+------------------+------------------+------------------+------------------+------------------+-------------------+------------------+-------------------+--------------------+-------------------+------------------+------------------+------------------+------------------+--------------------+-------------------+------+\n",
      "only showing top 5 rows\n",
      "\n"
     ]
    }
   ],
   "source": [
    "smote_w_multipler.show(5)"
   ]
  },
  {
   "cell_type": "markdown",
   "id": "f10001ab",
   "metadata": {},
   "source": [
    "# CLASS WEIGHTHING METHODS"
   ]
  },
  {
   "cell_type": "markdown",
   "id": "4e435992",
   "metadata": {},
   "source": [
    "**This is Not Exactly OverSampling method but it is used to train datasets that has class imbalance by introducing a class weight which penalises the miscalssification of the minority point**"
   ]
  },
  {
   "cell_type": "code",
   "execution_count": 71,
   "id": "db661176",
   "metadata": {},
   "outputs": [
    {
     "name": "stderr",
     "output_type": "stream",
     "text": [
      "                                                                                \r"
     ]
    }
   ],
   "source": [
    "# 1. Get the counts of both classes\n",
    "maj_count = df.filter(col(\"Class\") == 0).count()\n",
    "min_count = df.filter(col(\"Class\") == 1).count()\n",
    "\n",
    "# 2. Calculate the balancing ratio\n",
    "# In this dataset, it will be roughly 284315 / 492 ≈ 577\n",
    "balancing_ratio = maj_count / min_count\n",
    "\n",
    "# 3. Create a 'weight' column\n",
    "# Normal transactions get a weight of 1.0. Fraud gets a weight of ~577.0.\n",
    "weighted_df = df.withColumn(\n",
    "    \"class_weight\", \n",
    "    when(col(\"Class\") == 1, balancing_ratio).otherwise(1.0)\n",
    ")\n",
    "\n",
    "# You can now pass this column directly into Spark ML algorithms:\n",
    "# rf = RandomForestClassifier(featuresCol=\"features\", labelCol=\"Class\", weightCol=\"class_weight\")"
   ]
  },
  {
   "cell_type": "markdown",
   "id": "56bea8f7",
   "metadata": {},
   "source": [
    "# RANDOM OVERSAMPLING"
   ]
  },
  {
   "cell_type": "code",
   "execution_count": 72,
   "id": "7b58160f",
   "metadata": {},
   "outputs": [
    {
     "name": "stderr",
     "output_type": "stream",
     "text": [
      "[Stage 624:============================>                            (4 + 4) / 8]\r"
     ]
    },
    {
     "name": "stdout",
     "output_type": "stream",
     "text": [
      "+-----+------+\n",
      "|Class| count|\n",
      "+-----+------+\n",
      "|    0|284315|\n",
      "|    1|283884|\n",
      "+-----+------+\n",
      "\n"
     ]
    },
    {
     "name": "stderr",
     "output_type": "stream",
     "text": [
      "                                                                                \r"
     ]
    }
   ],
   "source": [
    "\n",
    "# 1. Split the data\n",
    "majority_df = df.filter(col(\"Class\") == 0)\n",
    "minority_df = df.filter(col(\"Class\") == 1)\n",
    "\n",
    "# 2. Calculate how many times we need to duplicate the minority class\n",
    "maj_count = majority_df.count()\n",
    "min_count = minority_df.count()\n",
    "multiplier = int(maj_count / min_count)\n",
    "\n",
    "# 3. Create an array of size 'multiplier', then explode it\n",
    "# This efficiently duplicates every minority row 'multiplier' times natively in Spark\n",
    "duplicated_minority_df = minority_df.withColumn(\n",
    "    \"dummy_array\", \n",
    "    array([lit(1)] * multiplier)\n",
    ").select(\n",
    "    \"*\", \n",
    "    explode(\"dummy_array\")\n",
    ").drop(\"dummy_array\", \"col\") # Drop the dummy columns created by explode\n",
    "\n",
    "# 4. Recombine with the majority class\n",
    "random_oversampled_df = majority_df.union(duplicated_minority_df)\n",
    "\n",
    "random_oversampled_df.groupBy(\"Class\").count().show()"
   ]
  },
  {
   "cell_type": "code",
   "execution_count": 73,
   "id": "b1e49791",
   "metadata": {},
   "outputs": [
    {
     "name": "stderr",
     "output_type": "stream",
     "text": [
      "                                                                                \r"
     ]
    }
   ],
   "source": [
    "random_oversampled_df.coalesce(1).write.csv(\"random-oversampling.csv\")"
   ]
  },
  {
   "cell_type": "markdown",
   "id": "4a28b9cf",
   "metadata": {},
   "source": [
    "# BORDERLINE SMOTE "
   ]
  },
  {
   "cell_type": "code",
   "execution_count": 74,
   "id": "317f7e3e",
   "metadata": {},
   "outputs": [
    {
     "name": "stderr",
     "output_type": "stream",
     "text": [
      "26/06/18 11:28:23 WARN CacheManager: Asked to cache already cached data.\n",
      "26/06/18 11:28:23 WARN CacheManager: Asked to cache already cached data.\n",
      "                                                                                \r"
     ]
    }
   ],
   "source": [
    "\n",
    "# --- 1. SETUP & CROSS-CLASS LSH ---\n",
    "minority_df = df_vec.filter(col(\"Class\") == 1).cache()\n",
    "majority_df = df_vec.filter(col(\"Class\") == 0).cache()\n",
    "all_df = df_vec.cache()\n",
    "\n",
    "samples_needed = majority_df.count() - minority_df.count()\n",
    "\n",
    "# Fit LSH on the ENTIRE dataset to find cross-class neighbors\n",
    "brp_all = BucketedRandomProjectionLSH(inputCol=\"features\", outputCol=\"hashes\", bucketLength=2.0, numHashTables=3)\n",
    "lsh_all = brp_all.fit(all_df)\n",
    "\n",
    "# Join Minority against All Data\n",
    "cross_neighbors = lsh_all.approxSimilarityJoin(minority_df, all_df, float('inf'), \"distance\") \\\n",
    "                         .filter(col(\"datasetA.id\") != col(\"datasetB.id\"))\n",
    "\n",
    "# Get top 5 neighbors for every minority point\n",
    "window_cross = Window.partitionBy(\"datasetA.id\").orderBy(\"distance\")\n",
    "top_5_cross = cross_neighbors.withColumn(\"rank\", row_number().over(window_cross)).filter(col(\"rank\") <= 5)\n",
    "\n",
    "# --- 2. IDENTIFY \"DANGER\" POINTS ---\n",
    "# Count how many of the 5 neighbors belong to the majority class (Class == 0)\n",
    "danger_stats = top_5_cross.groupBy(\"datasetA.id\") \\\n",
    "    .agg(sum((col(\"datasetB.Class\") == 0).cast(\"int\")).alias(\"majority_neighbors\"))\n",
    "\n",
    "# Keep only points with 2, 3, or 4 majority neighbors (The Borderline)\n",
    "danger_ids = danger_stats.filter((col(\"majority_neighbors\") >= 2) & (col(\"majority_neighbors\") <= 4)).select(\"id\")\n",
    "danger_df = minority_df.join(danger_ids, on=\"id\", how=\"inner\")\n",
    "\n",
    "# --- 3. MINORITY LSH (FOR SYNTHESIS) ---\n",
    "brp_min = BucketedRandomProjectionLSH(inputCol=\"features\", outputCol=\"hashes\", bucketLength=2.0, numHashTables=3)\n",
    "lsh_min = brp_min.fit(minority_df)\n",
    "\n",
    "# Join Danger points against Minority points\n",
    "synthesis_pairs = lsh_min.approxSimilarityJoin(danger_df, minority_df, float('inf'), \"distance\") \\\n",
    "                         .filter(col(\"datasetA.id\") != col(\"datasetB.id\"))\n",
    "\n",
    "window_syn = Window.partitionBy(\"datasetA.id\").orderBy(\"distance\")\n",
    "top_5_syn = synthesis_pairs.withColumn(\"rank\", row_number().over(window_syn)).filter(col(\"rank\") <= 5)\n",
    "\n",
    "# Calculate multiplier based on how many danger pairs we found\n",
    "pair_count = top_5_syn.count()\n",
    "multiplier = builtins.max(1, samples_needed // pair_count)\n",
    "\n",
    "# --- 4. PANDAS VECTORIZED UDF ---\n",
    "prep_df = top_5_syn.withColumn(\"base_arr\", vector_to_array(col(\"datasetA.features\"))) \\\n",
    "                   .withColumn(\"neighbor_arr\", vector_to_array(col(\"datasetB.features\")))\n",
    "\n",
    "@pandas_udf(ArrayType(ArrayType(DoubleType())))\n",
    "def borderline_smote_vudf(base_series: pd.Series, neighbor_series: pd.Series) -> pd.Series:\n",
    "    base_mat = np.stack(base_series.values)\n",
    "    neigh_mat = np.stack(neighbor_series.values)\n",
    "    diff_mat = neigh_mat - base_mat\n",
    "    \n",
    "    random_steps = np.random.uniform(0, 1, size=(base_mat.shape[0], multiplier, 1))\n",
    "    base_expanded = np.expand_dims(base_mat, axis=1)\n",
    "    diff_expanded = np.expand_dims(diff_mat, axis=1)\n",
    "    \n",
    "    synthetic_mat = base_expanded + (random_steps * diff_expanded)\n",
    "    return pd.Series(synthetic_mat.tolist())\n",
    "\n",
    "synthetic_data = prep_df.withColumn(\"syn_arrays\", borderline_smote_vudf(col(\"base_arr\"), col(\"neighbor_arr\")))\n",
    "\n",
    "# --- 5. FINALIZE ---\n",
    "synthetic_df = synthetic_data.select(explode(\"syn_arrays\").alias(\"arr\")) \\\n",
    "                             .withColumn(\"features\", array_to_vector(\"arr\")) \\\n",
    "                             .withColumn(\"Class\", lit(1)).select(\"features\", \"Class\")\n",
    "\n",
    "final_borderline_df = majority_df.select(\"features\", \"Class\") \\\n",
    "    .union(minority_df.select(\"features\", \"Class\")) \\\n",
    "    .union(synthetic_df)\n",
    "\n"
   ]
  },
  {
   "cell_type": "code",
   "execution_count": 75,
   "id": "d933cf08",
   "metadata": {},
   "outputs": [
    {
     "name": "stderr",
     "output_type": "stream",
     "text": [
      "[Stage 688:==================================================>      (8 + 1) / 9]\r"
     ]
    },
    {
     "name": "stdout",
     "output_type": "stream",
     "text": [
      "+-----+------+\n",
      "|Class| count|\n",
      "+-----+------+\n",
      "|    0|284315|\n",
      "|    1|284246|\n",
      "+-----+------+\n",
      "\n"
     ]
    },
    {
     "name": "stderr",
     "output_type": "stream",
     "text": [
      "                                                                                \r"
     ]
    }
   ],
   "source": [
    "final_borderline_df.groupby(\"Class\").count().show()"
   ]
  },
  {
   "cell_type": "code",
   "execution_count": 76,
   "id": "d2e5c314",
   "metadata": {},
   "outputs": [
    {
     "name": "stderr",
     "output_type": "stream",
     "text": [
      "[Stage 701:============================>                            (2 + 2) / 4]\r"
     ]
    },
    {
     "name": "stdout",
     "output_type": "stream",
     "text": [
      "+--------------------+-----+\n",
      "|            features|Class|\n",
      "+--------------------+-----+\n",
      "|[0.0,-1.359807133...|    0|\n",
      "|[0.0,1.1918571113...|    0|\n",
      "|[1.0,-1.358354061...|    0|\n",
      "|[1.0,-0.966271711...|    0|\n",
      "|[2.0,-1.158233093...|    0|\n",
      "+--------------------+-----+\n",
      "only showing top 5 rows\n",
      "\n"
     ]
    },
    {
     "name": "stderr",
     "output_type": "stream",
     "text": [
      "                                                                                \r"
     ]
    }
   ],
   "source": [
    "final_borderline_df.show(5)"
   ]
  },
  {
   "cell_type": "code",
   "execution_count": 77,
   "id": "ab9e7feb",
   "metadata": {},
   "outputs": [
    {
